 <pre>

 Contingency table for Visibility (m)
 Selection: METCOOP    268 stations
Period: 20240401-20240420
Used {00,06,12,18} + 00 01 ... 12
 Limits    1000.00000       5000.00000       10000.0000       20000.0000    
 Each class is data <= limit, the very last > last limit
 Total number of values      246520
                                     OBSERVATION
                                   3117     3041     1494     1935     2086 |     11673
                                   1633    10702     5808     5691     6939 |     30773
                     MNWC_prod      505     2117     3108     5079    11739 |     22548
                                    392     1266     2201     6380    33267 |     43506
                                    464     1873     3993    18163   113527 |    138020

                    SUM            6111    18999    16604    37248   167558 |    246520
                                     OBSERVATION
                                   1929     2077      691      642      669 |      6008
                                   1721    10468     5539     5175     6297 |     29200
                   MNWC2_preop      686     2310     3236     4966     9806 |     21004
                                    733     1615     2544     6884    31955 |     43731
                                   1042     2529     4594    19581   118831 |    146577

                    SUM            6111    18999    16604    37248   167558 |    246520

