 <pre>

 Contingency table for Low clouds (octas)
 Selection: METCOOP    232 stations
Period: 20240401-20240420
Used {00,06,12,18} + 01 02 ... 12
 Limits    1.00000000       2.00000000       3.00000000       4.00000000       5.00000000       6.00000000       7.00000000    
 Each class is data <= limit, the very last > last limit
 Total number of values      180281
                                              OBSERVATION
                                  58275     1987     1624     1376     1215     1115     2224     4665 |     72481
                                   2931      397      359      280      319      302      683     1657 |      6928
                                   1951      292      346      248      257      287      658     1496 |      5535
                     MNWC_prod     1473      296      307      213      260      243      593     1577 |      4962
                                   1280      306      270      249      253      251      678     1671 |      4958
                                   1184      277      354      296      305      268      818     2135 |      5637
                                   1422      453      436      419      472      436     1253     3520 |      8411
                                   5465     2619     2614     2515     2668     2924     8244    44320 |     71369

                    SUM           73981     6627     6310     5596     5749     5826    15151    61041 |    180281
                                              OBSERVATION
                                  62021     2321     1925     1564     1527     1373     2845     6634 |     80210
                                   2591      370      384      301      303      325      744     1836 |      6854
                                   1769      328      318      256      278      294      654     1606 |      5503
                   MNWC2_preop     1400      279      284      231      256      226      689     1704 |      5069
                                   1134      274      287      259      268      263      644     1746 |      4875
                                   1026      292      329      253      290      303      784     2237 |      5514
                                   1172      472      447      403      424      446     1239     3730 |      8333
                                   2868     2291     2336     2329     2403     2596     7552    41548 |     63923

                    SUM           73981     6627     6310     5596     5749     5826    15151    61041 |    180281

