 <pre>

 Contingency table for Rh2m (%)
 Selection: METCOOP    525 stations
Period: 20240401-20240420
Used {00,06,12,18} + 00 01 ... 12
 Limits    30.0000000       50.0000000       65.0000000       75.0000000       85.0000000       95.0000000       100.000000    
 Each class is data <= limit, the very last > last limit
 Total number of values      528526
                                              OBSERVATION
                                    811      377        6        1        0        0        0        0 |      1195
                                   3058    26760     6468      626      252       54        3        0 |     37221
                                    478    21471    47873    14382     4388     1264      151        0 |     90007
                     MNWC_prod       79     3556    27530    34984    19122     5427      660        0 |     91358
                                      3      747     9330    25766    42956    23925     2872        0 |    105599
                                      0      140     2124     8565    29876    61041    21035        0 |    122781
                                      0       20      256     1145     5717    25492    47261        0 |     79891
                                      0        0        0        3       15      119      337        0 |       474

                    SUM            4429    53071    93587    85472   102326   117322    72319        0 |    528526
                                              OBSERVATION
                                    991      657       15        0        0        0        0        0 |      1663
                                   2858    28869     8463     1045      374       98        4        0 |     41711
                                    485    19665    50268    16728     5707     1616      193        0 |     94662
                   MNWC2_preop       91     3112    25325    36505    21054     6221      698        0 |     93006
                                      4      631     7601    23531    44507    27237     3759        0 |    107270
                                      0      123     1675     6873    26666    62204    26333        0 |    123874
                                      0       14      240      789     4015    19884    41150        0 |     66092
                                      0        0        0        1        3       62      182        0 |       248

                    SUM            4429    53071    93587    85472   102326   117322    72319        0 |    528526

