 <pre>

 Contingency table for Cloud base (m)
 Selection: METCOOP    235 stations
Period: 20240401-20240420
Used {00,06,12,18} + 01 02 ... 12
 Limits    70.0000000       150.000000       300.000000       600.000000       1000.00000       1500.00000       2500.00000       5000.00000    
 Each class is data <= limit, the very last > last limit
 Total number of values      176699
                                                       OBSERVATION
                                   4154     3365     1184      320      125      127      237      390     1544 |     11446
                                   1027     2645     1956      477      150       92       77      121      267 |      6812
                                    603     2306     5033     1915      322      126       78      101      263 |     10747
                                    392     1464     6174     9618     2679      632      263      162      607 |     21991
                     MNWC_prod      225      527     1788     5106     7151     2492      715      226      898 |     19128
                                    127      219      773     1408     2239     3302     1239      237      723 |     10267
                                    115      153      550      959     1115     1839     3083      662      721 |      9197
                                    105      123      350      871     1058      840     1735     3561     1203 |      9846
                                    611      521     1440     3615     6270     6958     6956     6660    44234 |     77265

                    SUM            7359    11323    19248    24289    21109    16408    14383    12120    50460 |    176699
                                                       OBSERVATION
                                   2555     2134      753      181       61       36       52       47      274 |      6093
                                   1003     2312     1617      347       84       32       17       12       77 |      5501
                                    716     2424     4447     1556      250       83       47       28      146 |      9697
                                    505     1791     6377     9020     2451      526      198       59      312 |     21239
                   MNWC2_preop      282      571     1940     5330     6622     2248      689      195      690 |     18567
                                    201      313      824     1557     2525     3325     1145      216      732 |     10838
                                    208      260      667     1133     1336     2126     3233      749      771 |     10483
                                    250      287      486      929     1113      956     1960     3965     1420 |     11366
                                   1639     1231     2137     4236     6667     7076     7042     6849    46038 |     82915

                    SUM            7359    11323    19248    24289    21109    16408    14383    12120    50460 |    176699

